2-1S
AvgError: [
[0.7086707659721374,0.7040104679822922,0.7018014753967524,0.7056251149445771,0.7242416636303067],
[0.7130968254685401,0.7034832553118467,0.7035924468889833,0.7065636312991381,0.7274728983074427],
[0.7158431684494018,0.7065369037389755,0.7024977618128061,0.7068650683522224,0.7289478321105242],
[0.7183250753134489,0.7087210519656539,0.7039664287492633,0.7076453778952361,0.7293692258834839],
[0.71800813164711,0.7074309152513742,0.7057340223163366,0.7075914162695408,0.7294122441351414]
]
AvgAcc: [
[0.36,0.465,0.545,0.5,0.5],
[0.38,0.485,0.5549999999999999,0.495,0.5],
[0.33999999999999997,0.47000000000000003,0.55,0.5,0.5],
[0.37,0.515,0.56,0.5,0.5],
[0.365,0.505,0.5700000000000001,0.495,0.5]
]
2-2S-1S
AvgError: [
[0.7037653806567192,0.6996131532877683,0.6979128604978323,0.7044833581954241,0.7212638333588839],
[0.7127232988744974,0.6990517386764288,0.7000042285233736,0.7056571014732123,0.7210326219081878],
[0.7072460119098425,0.7023126003295184,0.6997703530520201,0.7057731582760811,0.7217637316048144],
[0.7190826984763146,0.7024406355425715,0.6997196399182081,0.7054119811832905,0.7218160102710127],
[0.7110869520097971,0.6983497200101614,0.6993855537801981,0.7054058202475308,0.7220132818996906]
]
AvgAcc: [
[0.5,0.41500000000000004,0.41500000000000004,0.43,0.43],
[0.5,0.39,0.425,0.43,0.43],
[0.5,0.41500000000000004,0.40499999999999997,0.43,0.43],
[0.5,0.42000000000000004,0.41500000000000004,0.43,0.43],
[0.5,0.41,0.41,0.43,0.43]
]
2-4S-2S-1S
AvgError: [
[0.7044466167449951,0.7002247964397073,0.6998023615270853,0.70843325432837,0.7216868856817483],
[0.7155890379443764,0.7014455000698566,0.7020122206911446,0.7097338835120202,0.7226459970578551],
[0.7276760874614119,0.7016814882606268,0.7017823727667332,0.7106190304368735,0.7228395042911172],
[0.7184326631575824,0.705357653401792,0.7026462269842624,0.7107143021523953,0.7225713192999363],
[0.7268197046980263,0.705416422700882,0.7024433074727654,0.7111604523047805,0.7220057273626328]
]
AvgAcc: [
[0.47000000000000003,0.43499999999999994,0.43,0.45999999999999996,0.45999999999999996],
[0.5,0.43,0.45999999999999996,0.45999999999999996,0.45999999999999996],
[0.5,0.43,0.45999999999999996,0.45999999999999996,0.45999999999999996],
[0.5,0.43,0.45999999999999996,0.45999999999999996,0.45999999999999996],
[0.5,0.43,0.45999999999999996,0.45999999999999996,0.45999999999999996]
]
2-16T-8S-16S-1S
AvgError: [
[1.0445792014522162,0.8006869645544261,0.7419432535567978,0.778672951827689,0.7810789858389853],
[1.1102332338453187,0.8095683776911325,0.7594778587623318,0.8001356018555874,0.8133740152351777],
[1.135284203987239,0.8437526838825782,0.7640001906430334,0.8122587243277405,0.8412965079754204],
[1.1558977976558258,0.8075504090388044,0.7673451863755149,0.815171142159526,0.8393012344646303],
[1.1583705694311386,0.8184533132159297,0.7697250832172606,0.8177385862912587,0.8453191762938623]
]
AvgAcc: [
[0.45499999999999996,0.5,0.5,0.5,0.5],
[0.495,0.5,0.5,0.5,0.5],
[0.495,0.5,0.5,0.5,0.5],
[0.495,0.5,0.5,0.5,0.495],
[0.495,0.5,0.5,0.5,0.5]
]
2-5T-3S-4T-1S
AvgError: [
[0.7274401843249798,0.7028006408549845,0.704341349171102,0.7075031489215792,0.7173827162086963],
[0.7445607344031334,0.713364354775101,0.7071556464336812,0.710573172583431,0.7179534520238638],
[0.7510658409766853,0.7138493501447141,0.7074214186504484,0.7105619442231953,0.7179437230676412],
[0.7545579858474433,0.7131781384304166,0.7091810542024672,0.7134179141163826,0.7175175205402076],
[0.7433352191455662,0.7130650614611804,0.7092041341349483,0.7112864801004528,0.7185260221157223]
]
AvgAcc: [
[0.48,0.43499999999999994,0.47000000000000003,0.5,0.5],
[0.45499999999999996,0.48,0.495,0.5,0.5],
[0.425,0.47000000000000003,0.49000000000000005,0.5,0.5],
[0.43,0.445,0.505,0.5,0.5],
[0.43,0.47000000000000003,0.48500000000000004,0.5,0.5]
]
