8-1T
AvgError: [
[0.15574920479061247,0.12024288117674961,0.0746008053301449,0.05408741709375703,0.06583137993601894],
[0.16561312194793304,0.1471397276480744,0.08424761096383435,0.05541543255628158,0.08328379704641414],
[0.18337542545675775,0.15958077063502757,0.09251888859770359,0.06102881988977109,0.09316388367424881],
[0.17795687418025813,0.14587001804171176,0.09439958413202801,0.060532125433483665,0.09397548640712242],
[0.19030039031527685,0.14815996920335248,0.09107498389808388,0.054053746319815986,0.0929125778831522]
]
8-8T-2T-1T
AvgError: [
[0.21124388953744894,0.20304536385136723,0.18463578531723301,0.13547652124059525,0.15566607066856136],
[0.22609164175526666,0.2115135935213157,0.210443007317962,0.14041733381691227,0.17680155498412348],
[0.23474904162054755,0.2222259089733257,0.20992011244771244,0.1528515568989084,0.18779863251745904],
[0.22902824636656732,0.22287552387472137,0.2057389092594999,0.15168646413877535,0.18923734376554105],
[0.22819218915487371,0.22542709451431522,0.21329236944992808,0.1436411372585523,0.1999476253307332]
]
8-8T-6T-2T-1T
AvgError: [
[0.23455020586267922,0.22429197628530356,0.22303321372461804,0.19865465471979735,0.24476398938358984],
[0.24022716975583602,0.2373703301384892,0.23258870674087953,0.20981950206341432,0.26491006842534104],
[0.24740753934472295,0.24140660079041854,0.23468721665485276,0.2253499565403046,0.267613171167723],
[0.2563074792289171,0.24097805778230547,0.23620257923709514,0.2338487424975358,0.27615055400254085],
[0.2456956756889607,0.23930514236608888,0.23489548275933844,0.22862513998840822,0.290796517569031]
]
8-16T-1T
AvgError: [
[0.3029568829916939,0.2925426554199371,0.24248786222960456,0.14255686683819027,0.23857766284689136],
[0.32724231545664473,0.31006252409230545,0.26980225266156815,0.19700429859039112,0.27930323926349265],
[0.32724380045434515,0.31313650657488984,0.2919095684611486,0.18319639217201505,0.3035113769055432],
[0.3305336318242952,0.3166507302000375,0.2804170200610384,0.194004751584743,0.2988480499958789],
[0.3294752015350949,0.3251733213423422,0.3005299776900391,0.21128378082444602,0.2985015866804584]
]
8-16T-8T-2T-1T
AvgError: [
[0.24635919007078302,0.24406599214912345,0.23958415402070887,0.2520825469643445,0.2934587343694474],
[0.26289020018157966,0.25016685298656427,0.24668011881835344,0.25245013720772447,0.305791565395664],
[0.25890926234802064,0.25335472730332986,0.2507973142922206,0.25732768098648645,0.311609179720388],
[0.25750648508099694,0.2546394069943495,0.2507174425814997,0.2547114507954524,0.3288644414296636],
[0.2657574182382339,0.2557032055896737,0.22634777240748388,0.26273557542847514,0.30699973302081274]
]
